1.545205479
3.419178082
12.16438356
1.41369863
5.490410959
0.394520548
61.90684932
10.15890411
0.98630137
1.347945205
1.183561644
2.564383562
1.249315068
1.512328767
17.09589041
5.654794521
0.854794521
41.49041096
6.805479452
4.208219178
15.41917808
4.306849315
52.63561644
2.860273973
0.493150685
1.216438356
2.695890411
2.860273973
2.761643836
7.002739726
3.024657534
69.30410959
2.794520548
27.64931507
65.5890411
1.41369863
33.3369863
0.953424658
1.380821918
1.347945205
2.104109589
1.41369863
1.97260274
1.643835616
1.380821918
1.315068493
3.945205479
2.761643836
1.380821918
8.317808219
1.380821918
5.391780822
4.175342466
27.87945205
6.936986301
1.315068493
10.84931507
1.249315068
2.005479452
4.175342466
4.175342466
7.62739726
8.317808219
8.547945205
0.624657534
6.936986301
1.282191781
5.523287671
4.306849315
4.24109589
8.284931507
26.30136986
2.202739726
39.15616438
4.142465753
66.77260274
2.432876712
13.70958904
1.315068493
1.052054795
1.347945205
1.347945205
5.490410959
1.578082192
9.04109589
4.273972603
0.032876712
0.032876712
8.087671233
1.41369863
1.183561644
4.043835616
1.347945205
1.183561644
2.564383562
1.183561644
1.183561644
5.35890411
2.794520548
1.41369863
7.101369863
0.920547945
2.630136986
1.41369863
1.41369863
47.57260274
14.1369863
1.282191781
26.03835616
2.95890411
1.939726027
1.216438356
0.526027397
8.547945205
3.945205479
23.93424658
41.09589041
1.41369863
69.3369863
1.446575342
1.347945205
2.991780822
2.794520548
66.24657534
4.175342466
2.761643836
8.942465753
1.380821918
5.523287671
5.556164384
1.216438356
11.01369863
2.761643836
1.216438356
6.049315068
39.15616438
1.808219178
8.054794521
9.928767123
1.446575342
1.347945205
1.347945205
28.86575342
1.315068493
2.564383562
4.8
3.945205479
4.175342466
0.953424658
1.41369863
6.936986301
1.41369863
0.98630137
1.578082192
1.380821918
58.91506849
25.11780822
1.347945205
38.30136986
4.109589041
7.002739726
3.254794521
4.142465753
5.457534247
7.791780822
5.391780822
0.032876712
17.3260274
1.708418891
0.722792608
1.708418891
5.256673511
0.985626283
3.843942505
1.905544148
1.905544148
15.6386037
1.511293635
1.577002053
1.80698152
1.872689938
1.938398357
26.57905544
1.77412731
1.18275154
1.708418891
1.741273101
3.055441478
5.35523614
57.56057495
2.102669405
1.839835729
9.264887064
9.100616016
1.741273101
55.78644764
0.985626283
3.58110883
29.47022587
3.712525667
1.905544148
3.712525667
2.759753593
5.32238193
4.960985626
0.032854209
5.749486653
3.778234086
5.32238193
1.872689938
5.585215606
1.905544148
30.88295688
11.137577
16.32854209
1.905544148
0.985626283
29.01026694
1.872689938
1.839835729
1.839835729
1.905544148
1.872689938
24.04928131
10.64476386
1.77412731
1.80698152
1.872689938
1.80698152
7.392197125
1.80698152
2.036960986
2.069815195
1.741273101
7.293634497
1.905544148
3.121149897
25.19917865
3.54825462
23.52361396
2.069815195
1.839835729
0.032854209
14.9486653
16.55852156
10.02053388
13.83162218
41.19917865
5.519507187
1.839835729
1.839835729
1.839835729
3.679671458
3.679671458
2.004106776
2.168377823
12.8788501
3.679671458
50.66119097
0.032854209
5.35523614
54.99794661
1.905544148
5.618069815
5.716632444
1.544147844
9.232032854
6.50513347
7.195071869
10.94045175
5.35523614
0.065708419
1.839835729
5.519507187
46.22587269
11.40041068
3.088295688
1.872689938
0.032854209
37.78234086
51.67967146
5.585215606
1.642710472
1.675564682
29.66735113
11.10472279
3.942505134
1.971252567
29.53593429
5.585215606
1.872689938
5.519507187
3.712525667
3.745379877
20.30390144
1.839835729
3.679671458
3.712525667
5.519507187
5.650924025
7.457905544
12.09034908
46.2587269
37.28952772
11.26899384
5.552361396
21.38809035
27.36755647
5.35523614
4.993839836
7.392197125
3.843942505
4.73100616
25.62628337
38.66940452
5.552361396
13.63449692
7.523613963
2.36550308
0.032854209
0.459958932
1.609856263
33.51129363
14.88295688
23.9835729
29.47022587
1.149897331
9.232032854
5.552361396
34.7926078
0.887063655
1.708418891
2.036960986
2.234086242
0.032854209
29.37166324
1.872689938
9.133470226
13.50308008
7.392197125
1.77412731
0.62422998
1.872689938
0.492813142
11.03901437
1.872689938
57.10061602
1.839835729
1.741273101
1.839835729
1.80698152
25.10061602
61.66735113
1.80698152
1.839835729
37.71663244
16.16427105
1.905544148
2.39835729
1.971252567
7.457905544
1.938398357
1.478439425
1.938398357
1.511293635
2.562628337
37.74948665
18.52977413
7.162217659
1.741273101
3.876796715
1.938398357
1.478439425
5.848049281
13.17453799
1.741273101
3.843942505
7.162217659
9.46201232
3.811088296
9.232032854
3.712525667
5.519507187
3.646817249
0.262833676
0.985626283
7.359342916
1.77412731
1.872689938
0.032854209
27.03901437
29.27310062
2.004106776
1.708418891
7.425051335
5.223819302
6.767967146
1.511293635
27.00616016
36.1724846
0.032854209
7.655030801
7.556468173
1.872689938
2.036960986
1.872689938
3.778234086
1.741273101
7.392197125
1.971252567
4.599589322
0.032854209
1.741273101
1.905544148
1.938398357
1.905544148
0.032854209
1.741273101
48.62422998
0.821355236
5.552361396
53.71663244
7.68788501
3.482546201
15.47433265
3.613963039
7.326488706
65.01848049
9.363449692
1.379876797
1.872689938
1.412731006
3.712525667
27.76180698
1.741273101
2.004106776
2.299794661
5.848049281
1.77412731
1.21560575
2.299794661
9.166324435
42.41478439
10.74332649
23.9835729
5.782340862
16.42710472
4.205338809
2.168377823
4.238193019
3.876796715
2.135523614
4.435318275
0.032854209
2.069815195
9.954825462
2.036960986
0.229979466
1.80698152
18.85831622
1.839835729
9.560574949
1.708418891
1.839835729
1.938398357
13.99589322
0.887063655
13.73305955
1.872689938
5.35523614
2.726899384
3.252566735
3.909650924
5.585215606
11.23613963
20.79671458
11.30184805
20.30390144
1.708418891
1.77412731
1.872689938
5.092402464
1.872689938
42.38193019
57.98767967
2.858316222
3.186858316
3.712525667
7.392197125
9.232032854
5.420944559
3.055441478
2.299794661
1.544147844
0.62422998
5.125256674
10.87474333
4.632443532
1.544147844
1.938398357
21.88090349
6.406570842
7.195071869
1.675564682
8.772073922
7.655030801
58.38193019
1.018480493
9.593429158
11.26899384
11.03901437
11.8275154
18.4312115
11.10472279
9.166324435
5.585215606
8.344969199
3.778234086
5.782340862
4.73100616
1.80698152
0.032854209
61.99589322
1.971252567
27.00616016
2.299794661
1.905544148
2.004106776
1.511293635
46.09445585
13.2073922
1.80698152
7.589322382
1.741273101
9.330595483
13.63449692
1.741273101
23.6550308
2.102669405
1.675564682
1.675564682
16.52566735
31.04722793
3.449691992
51.4825462
1.80698152
1.675564682
10.15195072
23.88501027
5.585215606
1.642710472
1.609856263
3.58110883
3.942505134
1.051334702
44.64887064
0.032854209
0.032854209
1.872689938
11.07186858
1.642710472
3.679671458
1.149897331
8.772073922
3.712525667
1.971252567
3.088295688
0.032854209
7.326488706
59.00616016
1.18275154
5.388090349
0.032854209
1.839835729
1.249315068
5.687671233
3.550684932
1.479452055
26.99178082
4.010958904
6.838356164
2.860273973
1.249315068
13.6109589
17.78630137
21.79726027
1.41369863
33.6
1.41369863
1.282191781
1.150684932
7.002739726
1.216438356
1.380821918
2.82739726
8.087671233
2.663013699
22.58630137
2.860273973
1.282191781
1.906849315
4.273972603
2.893150685
1.380821918
1.183561644
16.43835616
1.216438356
1.216438356
1.347945205
