5.490410959
61.90684932
5.654794521
2.860273973
1.97260274
1.643835616
1.380821918
1.315068493
27.87945205
10.84931507
5.523287671
2.202739726
1.183561644
7.101369863
2.630136986
1.41369863
8.547945205
2.991780822
6.049315068
39.15616438
8.054794521
9.928767123
1.446575342
25.11780822
4.109589041
0.032876712
0.722792608
37.74948665
7.195071869
0.985626283
1.938398357
15.6386037
1.872689938
5.35523614
5.35523614
9.264887064
4.008213552
4.960985626
0.032854209
5.32238193
5.35523614
7.359342916
1.80698152
5.782340862
0.032854209
9.166324435
1.708418891
1.839835729
7.293634497
1.905544148
9.232032854
7.490759754
1.905544148
3.515400411
14.78439425
1.577002053
9.232032854
7.195071869
10.94045175
1.445585216
5.519507187
8.936344969
1.675564682
0.032854209
4.73100616
2.792607803
0.032854209
14.88295688
7.490759754
1.839835729
16.29568789
13.14168378
1.77412731
1.281314168
0.62422998
1.741273101
1.80698152
1.77412731
61.66735113
1.675564682
1.80698152
1.839835729
5.519507187
1.412731006
37.71663244
16.16427105
3.679671458
1.905544148
1.971252567
1.938398357
1.938398357
1.971252567
37.74948665
2.201232033
11.40041068
7.162217659
1.872689938
0.032854209
1.938398357
0.032854209
1.478439425
5.848049281
13.17453799
1.741273101
7.162217659
5.650924025
9.232032854
0.985626283
7.359342916
5.453798768
5.716632444
0.032854209
29.27310062
2.004106776
2.201232033
1.511293635
2.135523614
7.392197125
7.359342916
1.938398357
0.032854209
4.632443532
53.71663244
15.47433265
0.032854209
1.872689938
1.379876797
1.314168378
1.839835729
8.016427105
0.919917865
5.848049281
0.887063655
1.21560575
17.57700205
5.585215606
7.293634497
9.166324435
23.9835729
26.28336756
2.135523614
0.032854209
2.069815195
9.954825462
2.036960986
7.326488706
3.745379877
0.032854209
1.839835729
9.560574949
7.753593429
3.383983573
1.872689938
27.00616016
3.58110883
0.459958932
20.30390144
8.936344969
6.702258727
42.38193019
22.11088296
3.186858316
3.712525667
9.232032854
1.675564682
3.515400411
1.642710472
7.655030801
0.032854209
21.48665298
11.8275154
11.10472279
5.585215606
8.344969199
5.716632444
5.782340862
1.938398357
1.905544148
17.64271047
2.168377823
1.80698152
1.80698152
11.20328542
9.790554415
5.388090349
3.285420945
1.741273101
26.74332649
1.839835729
23.95071869
1.708418891
9.166324435
1.675564682
10.15195072
1.872689938
5.585215606
1.938398357
1.642710472
3.58110883
1.872689938
1.379876797
3.550684932
1.479452055
26.99178082
2.860273973
1.249315068
17.78630137
1.41369863
1.41369863
1.150684932
1.380821918
2.82739726
1.906849315
1.183561644
16.43835616
1.216438356
1.347945205