7.594520548
9.369863014
23.44109589
10.48767123
49.05205479
68.87671233
5.063013699
68.48219178
3.057534247
24.72328767
3.353424658
41.49041096
29.88493151
6.77260274
52.63561644
0.55890411
8.876712329
9.336986301
18.21369863
69.50136986
14.59726027
68.38356164
68.61369863
4.208219178
13.38082192
18.70684932
27.22191781
70.06027397
71.17808219
23.90136986
60.29589041
1.347945205
16.8
72.29589041
48.03287671
7.923287671
4.208219178
43.00273973
53.39178082
54.27945205
67.59452055
20.41643836
72.72328767
12.72328767
35.27671233
13.74246575
4.504109589
17.78630137
18.18082192
69.92876712
10.75068493
25.97260274
13.34794521
17.5890411
25.34794521
35.80273973
68.31780822
8.054794521
53.5890411
10.98082192
9.501369863
28.83287671
17.75342466
11.83561644
47.57260274
48.85479452
2.630136986
68.21917808
19.79178082
8.646575342
25.47945205
16.24109589
71.83561644
70.68493151
69.3369863
15.1890411
11.76986301
70.3890411
4.898630137
60.75616438
54.21369863
11.34246575
26.89315068
24.75616438
7.430136986
5.523287671
69.40273973
26.89315068
1.709589041
70.71780822
19.36438356
40.33972603
8.054794521
11.67123288
12.29589041
12.5260274
11.60547945
35.53972603
3.945205479
6.312328767
15.32054795
66.08219178
60.29589041
9.863013699
38.30136986
67.95616438
7.923287671
24
11.37534247
10.78356164
54.24657534
41.19452055
32.65708419
52.00821355
28.97741273
16.13141684
9.889117043
35.97535934
44.58316222
29.76591376
14.02874743
53.65092403
53.65092403
18.92402464
18.92402464
3.909650924
58.7761807
4.501026694
6.833675565
8.673511294
26.61190965
7.819301848
50.56262834
27.33470226
52.07392197
11.30184805
18.26694045
39.26078029
3.613963039
1.051334702
55.2936345
43.10472279
1.938398357
55.88501027
15.6386037
41.23203285
62.06160164
3.58110883
59.99178645
58.97330596
18.23408624
20.56673511
9.987679672
12.78028747
11.00616016
3.613963039
57.36344969
35.25256674
55.26078029
4.533880904
1.347022587
25.00205339
17.97125257
38.40657084
17.31416838
26.80903491
7.852156058
57.49486653
23.06365503
3.843942505
54.86652977
26.84188912
25.13347023
52.66529774
14.91581109
6.209445585
16.22997947
51.94250513
39.91786448
45.47022587
62.55441478
62.9486653
61.53593429
15.86858316
54.47227926
60.25462012
60.97741273
11.00616016
32.72279261
23.32648871
58.38193019
3.745379877
57.42915811
22.50513347
8.476386037
55.62217659
18.82546201
55.95071869
55.32648871
43.49897331
3.121149897
4.829568789
50.7926078
16.62422998
46.12731006
11.86036961
31.34291581
26.0862423
15.04722793
53.88090349
4.698151951
47.11293635
24.3449692
39.39219713
7.425051335
63.21149897
53.09240246
5.32238193
1.609856263
32.22997947
53.78234086
52.04106776
17.70841889
62.35728953
25.724846
54.43942505
51.90965092
62.16016427
23.62217659
15.60574949
17.47843943
51.97535934
45.8973306
52.66529774
25.19917865
4.402464066
58.51334702
61.76591376
19.02258727
18.95687885
56.87063655
18.10266941
26.71047228
63.60574949
39.22792608
22.99794661
27.43326489
55.9835729
55.78644764
33.24845996
26.84188912
52.99383984
62.45585216
62.58726899
8.90349076
58.0862423
57.62628337
32.52566735
52.99383984
61.99589322
52.1724846
52.5338809
57.62628337
59.137577
21.81519507
25.82340862
56.57494867
27.36755647
47.47433265
15.04722793
34.10266941
13.96303901
51.77823409
30.71868583
56.37782341
2.069815195
7.523613963
13.01026694
47.34291581
17.21560575
27.92607803
61.93018481
5.059548255
21.84804928
15.3100616
22.11088296
52.30390144
61.99589322
60.38603696
4.632443532
53.48665298
6.472279261
52.73100616
8.377823409
9.396303901
6.439425051
10.51334702
57.82340862
24.24640657
42.21765914
20.00821355
21.35523614
55.19507187
13.79876797
57.79055442
38.40657084
7.589322382
20.04106776
37.12525667
12.25462012
17.60985626
13.73305955
54.11088296
25.98767967
26.02053388
2.792607803
7.917864476
29.47022587
57.56057495
44.84599589
32.95277207
11.40041068
2.102669405
13.60164271
1.905544148
14.88295688
59.99178645
9.593429158
52.73100616
7.09650924
17.64271047
6.965092403
9.987679672
10.71047228
24.60780288
29.96303901
58.67761807
10.05338809
19.90965092
11.20328542
53.84804928
15.21149897
58.94045175
2.562628337
17.90554415
8.476386037
58.34907598
18.49691992
59.49897331
16.49281314
2.661190965
28.78028747
19.94250513
62.2587269
29.60164271
5.552361396
30.39014374
23.19507187
25.10061602
35.58110883
5.35523614
62.09445585
3.121149897
1.544147844
34.39835729
62.45585216
4.205338809
6.932238193
57.52772074
8.31211499
6.373716632
3.252566735
8.706365503
2.135523614
16.42710472
59.10472279
2.102669405
17.08418891
59.8275154
4.895277207
4.303901437
8.476386037
58.94045175
15.34291581
33.64271047
54.275154
11.56468173
9.166324435
3.942505134
17.97125257
59.76180698
5.026694045
31.04722793
58.4476386
15.21149897
4.336755647
5.618069815
12.55030801
38.20944559
13.40451745
15.21149897
22.80082136
24.14784394
27.79466119
21.5523614
20.27104723
14.98151951
59.86036961
20.20533881
55.68788501
56.18069815
12.38603696
56.14784394
5.650924025
20.862423
54.34086242
43.03901437
31.90143737
4.303901437
10.21765914
12.74743327
59.8275154
65.34702259
4.369609856
48.52566735
37.25667351
5.420944559
15.83572895
55.75359343
25.75770021
54.99794661
14.2587269
22.70225873
3.909650924
6.899383984
45.14168378
52.00821355
55.6550308
8.147843943
42.94045175
23.68788501
19.18685832
13.47022587
20.76386037
1.149897331
46.68583162
4.862422998
15.57289528
5.683778234
0.722792608
32.16427105
35.90965092
60.64887064
0.788501027
29.76591376
3.975359343
9.396303901
11.49897331