25.34794521
36.5260274
68.54794521
1.479452055
63.97808219
72.13150685
5.950684932
35.57260274
39.09041096
73.15068493
1.183561644
13.05205479
9.435616438
4.043835616
1.97260274
4.536986301
56.71232877
5.128767123
46.25753425
7.989041096
18.57534247
64.96438356
8.219178082
4.175342466
60.72328767
2.95890411
15.87945205
69.99452055
50.36712329
25.31506849
13.38082192
68.90958904
25.24931507
50.6630137
22.71780822
68.94246575
28.20821918
39.15616438
13.21643836
22.84931507
7.956164384
6.936986301
61.84109589
5.22739726
31.26575342
5.650924025
51.67967146
63.77002053
10.87474333
8.049281314
29.86447639
50.03696099
21.12525667
2.135523614
63.27720739
63.40862423
10.34907598
11.72895277
59.92607803
23.55646817
17.57700205
38.57084189
18.4312115
57.00205339
6.603696099
7.12936345
62.39014374
19.77823409
61.50308008
60.22176591
57.00205339
11.49897331
31.83572895
35.67967146
6.50513347
19.67967146
19.31827515
47.21149897
35.08829569
0.788501027
18.62833676
49.08418891
7.359342916
29.73305955
28.25462012
19.54825462
16.72279261
25.85626283
45.96303901
15.21149897
8.016427105
53.81519507
57.75770021
9.067761807
2.759753593
56.31211499
20.36960986
59.43326489
22.43942505
22.86652977
36.20533881
10.67761807
1.445585216
0.295687885
7.162217659
55.88501027
35.1211499
51.38398357
9.49486653
5.092402464
5.092402464
51.18685832
62.6201232
12.94455852
5.420944559
0.952772074
0.821355236
15.21149897
63.21149897
42.51334702
42.94045175
6.570841889
41.56057495
55.49075975
65.80698152
21.9137577
3.351129363
7.195071869
30.06160164
40.01642711
31.17864476
2.431211499
8.509240246
63.27720739
19.74537988
5.256673511
12.74743327
26.57905544
4.73100616
47.70431212
36.96098563
16.42710472
48.29568789
9.724845996
27.00616016
50.85831622
36.79671458
6.53798768
8.147843943
40.31211499
20.13963039
14.29158111
37.78234086
53.2238193
11.86036961
34.7926078
16.22997947
43.33470226
8.049281314
1.77412731
13.96303901
13.17453799
12.48459959
20.99383984
12.25462012
22.11088296
12.25462012
24.67351129
27.69609856
12.09034908
34.52977413
58.05338809
59.92607803
11.36755647
10.21765914
58.90759754
10.64476386
16.03285421
31.34291581
14.39014374
8.706365503
3.811088296
53.12525667
22.20944559
14.42299795
32.75564682
60.94455852
38.80082136
20.69815195
4.73100616
57.3963039
43.17043121
62.48870637
11.10472279
22.76796715
32.6899384
1.577002053
1.544147844
7.490759754
3.58110883
58.64476386
43.36755647
12.8788501
23.35934292
2.201232033
10.15195072
26.80903491
14.91581109
33.64271047
22.01232033
53.51950719
45.53593429
3.54825462
5.552361396
21.88090349
10.48049281
35.21971253
56.54209446
41.52772074
13.33880904
22.07802875
33.44558522
8.344969199
39.6550308
4.73100616
55.68788501
26.90759754
24.73921971
13.43737166
41.92197125
6.209445585
11.8275154
2.924024641
60.02464066
59.8275154
9.856262834
57.52772074
56.87063655
17.24845996
18.13552361
42.38193019
23.95071869
19.64681725
11.23613963
17.0513347
60.64887064
21.2238193
15.11293635
13.33880904
8.213552361
44.58316222
3.679671458
4.960985626
0.689938398
51.05544148
3.646817249
58.57905544
45.17453799
17.83983573
37.81519507
19.58110883
16.91991786
26.21765914
8.27926078
25.98767967
4.402464066
16.78850103
46.48870637
3.022587269
50.75975359
16.95277207
3.58110883
5.519507187
36.04106776
25.52772074
17.01848049
3.285420945
9.330595483
13.33880904
42.28336756
5.585215606
53.15811088
3.318275154
57.06776181
34.03696099
55.35934292
53.15811088
55.12936345
25.724846
63.50718686
9.593429158
15.83572895
54.80082136
2.004106776
1.379876797
5.424657534
3.879452055
28.60273973
12.03287671
2.104109589
33.69863014
3.649315068
11.4739726
31.82465753
6.410958904
32.28493151
5.852054795
16.40547945
22.48767123
19.13424658
1.347945205