12.16438356
5.490410959
61.90684932
1.249315068
5.654794521
15.41917808
1.216438356
2.860273973
7.002739726
33.3369863
0.953424658
1.380821918
2.104109589
1.41369863
1.97260274
1.643835616
1.380821918
1.315068493
27.87945205
1.315068493
10.84931507
4.175342466
5.523287671
2.202739726
39.15616438
1.183561644
7.101369863
2.630136986
1.41369863
1.41369863
0.526027397
8.547945205
1.41369863
1.347945205
2.991780822
11.01369863
6.049315068
39.15616438
8.054794521
9.928767123
1.446575342
1.347945205
25.11780822
4.109589041
0.032876712
0.722792608
0.985626283
3.843942505
15.6386037
1.18275154
3.055441478
5.35523614
57.56057495
1.839835729
9.264887064
3.58110883
4.960985626
5.32238193
11.137577
29.01026694
1.80698152
7.293634497
1.905544148
54.99794661
5.716632444
1.544147844
9.232032854
6.50513347
7.195071869
10.94045175
5.35523614
0.065708419
5.519507187
11.40041068
0.032854209
4.73100616
38.66940452
5.552361396
0.032854209
0.459958932
14.88295688
7.392197125
1.77412731
1.839835729
1.741273101
1.80698152
61.66735113
1.80698152
1.839835729
37.71663244
16.16427105
1.905544148
1.938398357
37.74948665
7.162217659
1.938398357
1.478439425
5.848049281
13.17453799
1.741273101
3.843942505
7.162217659
9.232032854
0.985626283
7.359342916
1.77412731
0.032854209
29.27310062
2.004106776
1.708418891
7.425051335
1.511293635
3.778234086
1.741273101
7.392197125
1.938398357
0.032854209
53.71663244
15.47433265
1.379876797
3.712525667
5.848049281
1.21560575
9.166324435
23.9835729
2.135523614
0.032854209
2.069815195
9.954825462
2.036960986
1.839835729
9.560574949
1.872689938
11.30184805
20.30390144
5.092402464
42.38193019
3.186858316
3.712525667
5.420944559
21.88090349
1.675564682
7.655030801
1.018480493
11.26899384
11.03901437
11.8275154
11.10472279
5.585215606
8.344969199
3.778234086
5.782340862
1.905544148
1.511293635
46.09445585
1.80698152
9.330595483
1.741273101
1.675564682
10.15195072
5.585215606
1.642710472
3.58110883
1.872689938
1.971252567
3.550684932
1.479452055
26.99178082
2.860273973
1.249315068
17.78630137
1.41369863
1.41369863
1.150684932
1.380821918
2.82739726
1.906849315
1.183561644
16.43835616
1.216438356
1.347945205