5.490410959
61.90684932
17.09589041
5.654794521
4.208219178
2.860273973
2.860273973
1.347945205
1.97260274
1.643835616
1.380821918
1.315068493
4.175342466
27.87945205
10.84931507
2.005479452
7.62739726
6.936986301
5.523287671
2.202739726
1.183561644
2.564383562
5.35890411
7.101369863
0.920547945
2.630136986
1.41369863
8.547945205
2.991780822
6.049315068
39.15616438
8.054794521
9.928767123
1.446575342
25.11780822
4.109589041
0.032876712
14.71868583
0.722792608
1.708418891
37.74948665
7.260780288
5.256673511
7.195071869
0.985626283
1.938398357
11.07186858
1.905544148
1.905544148
1.905544148
15.6386037
1.511293635
1.80698152
12.84599589
26.57905544
1.347022587
1.872689938
1.675564682
1.741273101
5.35523614
5.35523614
9.264887064
4.008213552
9.100616016
55.78644764
1.905544148
5.32238193
4.960985626
0.032854209
0.788501027
1.741273101
5.32238193
5.35523614
1.872689938
5.585215606
1.609856263
1.77412731
5.585215606
1.905544148
16.32854209
1.872689938
0.032854209
16.82135524
24.04928131
1.77412731
7.359342916
1.80698152
5.782340862
43.26899384
1.872689938
0.032854209
9.166324435
1.741273101
1.708418891
1.839835729
9.100616016
7.293634497
1.905544148
7.227926078
9.232032854
50.66119097
7.490759754
1.905544148
0.032854209
3.515400411
5.35523614
5.519507187
14.78439425
1.905544148
5.618069815
1.577002053
9.232032854
5.420944559
7.195071869
15.67145791
10.94045175
5.552361396
0.032854209
1.445585216
1.839835729
1.872689938
1.839835729
5.519507187
1.872689938
8.936344969
1.675564682
0.032854209
4.73100616
25.62628337
13.63449692
7.523613963
2.792607803
16.13141684
0.032854209
14.88295688
9.199178645
0.887063655
0.032854209
1.872689938
7.490759754
1.839835729
9.133470226
15.70431212
1.675564682
16.29568789
13.14168378
6.439425051
1.77412731
1.281314168
3.613963039
0.62422998
1.872689938
10.80903491
0.62422998
1.872689938
57.10061602
1.741273101
3.942505134
1.839835729
7.12936345
1.80698152
9.199178645
1.80698152
1.77412731
25.10061602
61.66735113
1.675564682
1.80698152
1.839835729
5.519507187
1.412731006
37.71663244
16.16427105
3.679671458
4.435318275
1.905544148
2.39835729
1.971252567
7.457905544
1.971252567
1.938398357
1.478439425
1.938398357
1.511293635
2.562628337
1.938398357
1.971252567
37.74948665
2.201232033
11.40041068
18.52977413
7.162217659
1.872689938
0.032854209
1.741273101
1.938398357
0.032854209
1.478439425
5.848049281
13.17453799
1.741273101
7.162217659
5.650924025
9.46201232
9.232032854
5.519507187
0.328542095
0.985626283
7.359342916
5.453798768
1.872689938
5.716632444
0.032854209
29.27310062
2.004106776
2.201232033
1.905544148
6.767967146
1.511293635
11.10472279
27.00616016
7.655030801
0.032854209
9.264887064
2.069815195
7.556468173
1.872689938
2.135523614
2.036960986
7.392197125
1.971252567
4.599589322
1.872689938
7.359342916
0.032854209
1.741273101
1.938398357
1.80698152
0.032854209
1.741273101
48.62422998
4.632443532
0.821355236
5.552361396
7.326488706
53.71663244
3.482546201
15.47433265
3.613963039
2.234086242
0.032854209
65.01848049
1.872689938
0.62422998
1.379876797
1.872689938
1.314168378
5.979466119
1.839835729
27.76180698
1.905544148
1.445585216
1.839835729
1.741273101
8.016427105
2.004106776
0.919917865
5.848049281
0.887063655
2.004106776
1.21560575
2.299794661
17.57700205
5.585215606
2.726899384
7.293634497
9.166324435
1.77412731
26.4476386
42.41478439
10.74332649
23.9835729
26.28336756
1.21560575
0.722792608
4.205338809
2.168377823
3.876796715
2.135523614
0.032854209
2.069815195
9.954825462
2.036960986
0.229979466
5.125256674
3.252566735
0.032854209
7.326488706
3.745379877
1.741273101
0.032854209
2.36550308
1.839835729
9.002053388
9.560574949
0.032854209
12.97741273
1.938398357
13.99589322
0.887063655
13.8973306
7.753593429
3.383983573
1.872689938
27.00616016
5.749486653
3.58110883
3.58110883
3.679671458
17.28131417
0.459958932
3.909650924
4.501026694
4.041067762
1.117043121
5.552361396
11.23613963
20.79671458
20.30390144
5.782340862
1.708418891
8.936344969
0.032854209
1.872689938
1.412731006
6.702258727
42.38193019
22.11088296
2.858316222
3.186858316
3.712525667
7.392197125
9.232032854
1.938398357
3.712525667
6.406570842
7.195071869
9.232032854
1.675564682
3.515400411
1.642710472
7.655030801
0.032854209
21.48665298
11.8275154
3.252566735
18.4312115
11.10472279
5.585215606
8.344969199
5.716632444
5.782340862
1.80698152
0.032854209
61.99589322
1.938398357
1.971252567
2.299794661
1.905544148
1.905544148
17.64271047
2.168377823
1.80698152
1.80698152
7.589322382
11.20328542
9.790554415
5.388090349
3.285420945
13.63449692
1.741273101
26.74332649
2.102669405
48.6899384
1.839835729
51.4825462
1.971252567
23.95071869
1.971252567
1.708418891
1.80698152
9.166324435
1.675564682
10.15195072
1.872689938
23.88501027
5.585215606
1.938398357
11.07186858
1.642710472
20.69815195
1.77412731
1.609856263
3.58110883
3.252566735
4.665297741
21.2238193
1.872689938
15.6386037
0.032854209
1.905544148
1.872689938
1.642710472
22.37371663
0.788501027
5.35523614
1.938398357
5.388090349
1.379876797
1.249315068
5.687671233
3.550684932
1.479452055
26.99178082
4.010958904
6.838356164
2.860273973
1.249315068
13.6109589
17.78630137
21.79726027
1.41369863
33.6
1.41369863
1.282191781
1.150684932
7.002739726
1.216438356
1.380821918
2.82739726
8.087671233
2.663013699
22.58630137
2.860273973
1.282191781
1.906849315
4.273972603
2.893150685
1.380821918
1.183561644
16.43835616
1.216438356
1.216438356
1.347945205